[[0.11357495 0.2289415  0.21049683 0.26140922 0.28372757 0.29160098
  0.31798298 0.42634656 0.50704528 0.47090135 0.52370385]
 [0.15554178 0.04570382 0.13321624 0.13960165 0.31543732 0.35216921
  0.42218047 0.53127319 0.62139397 0.69530446 0.69402954]
 [0.13464778 0.03433497 0.0883397  0.23475922 0.31185828 0.35413948
  0.40628288 0.57613682 0.6112041  0.72601497 0.83496736]
 [0.19248333 0.01451711 0.05947965 0.20076765 0.27112149 0.33340824
  0.41292476 0.53025075 0.62790268 0.70754259 0.77753805]
 [0.12064535 0.06767563 0.03326147 0.1051964  0.24379703 0.32170619
  0.40404339 0.43951923 0.59131094 0.68537236 0.79617908]
 [0.08583812 0.29710713 0.31070113 0.36335356 0.46295351 0.49405411
  0.53992186 0.64977348 0.66716092 0.70179214 0.76787046]
 [0.07821783 0.12237335 0.04950595 0.10026962 0.16409378 0.21101118
  0.28506689 0.40263132 0.50359673 0.63190457 0.76121177]
 [0.04997378 0.05579493 0.02897915 0.12256079 0.18296266 0.24915171
  0.33952357 0.37374813 0.49764905 0.55854463 0.73090513]
 [0.00235093 0.08688378 0.08683696 0.105005   0.17988681 0.24073558
  0.29360271 0.36603405 0.43077109 0.52909794 0.70070503]
 [0.0459675  0.08244219 0.06555019 0.11896857 0.22967688 0.21578088
  0.25751057 0.34986073 0.42321506 0.47345782 0.62400219]
 [0.09329721 0.13359629 0.12357874 0.14032065 0.18868801 0.20194127
  0.24993862 0.25785946 0.32617678 0.36965489 0.37149415]]