[[0.11406494 0.21644228 0.27808147 0.28736773 0.32285508 0.28862135
  0.36346387 0.38927863 0.41860259 0.37842549 0.37162687]
 [0.08524266 0.14509059 0.17448509 0.26551067 0.23478529 0.35279536
  0.39215877 0.49510499 0.55209076 0.63547224 0.71775647]
 [0.14559748 0.06435361 0.10842416 0.19009074 0.2802306  0.33869776
  0.42814567 0.53403092 0.5786509  0.63417334 0.73802407]
 [0.16778801 0.05195724 0.11669961 0.12341575 0.25272321 0.28635723
  0.41724805 0.46608364 0.56575906 0.65460544 0.75154697]
 [0.136305   0.01021325 0.07381206 0.13486575 0.20841731 0.30828677
  0.39433971 0.44561445 0.54444363 0.66621692 0.76060159]
 [0.09757204 0.3239006  0.34898524 0.39682572 0.44202562 0.45693724
  0.53230766 0.62352651 0.68428131 0.76450763 0.75794704]
 [0.12659883 0.09127554 0.02992042 0.10812362 0.14586369 0.15889172
  0.29955654 0.33476081 0.47439171 0.57293634 0.74384817]
 [0.03356991 0.0499666  0.0697383  0.04259437 0.10548969 0.25836189
  0.3077188  0.36874881 0.45206748 0.57836219 0.67033999]
 [0.0542944  0.05236986 0.09481785 0.11492276 0.12385131 0.22671978
  0.31268438 0.36103179 0.4163284  0.43960192 0.67779213]
 [0.06786031 0.09180537 0.08805901 0.13737396 0.11198357 0.20627129
  0.26476863 0.32212368 0.39735379 0.46636395 0.54546591]
 [0.08082142 0.16043175 0.16627012 0.21033998 0.25344483 0.2057981
  0.20840181 0.24778451 0.30060673 0.27984333 0.33940582]]