[[0.88586844 0.7722632  0.69648918 0.66473267 0.61469166 0.63198783
  0.54415027 0.47341875 0.37778896 0.37503263 0.24691319]
 [0.91471759 0.8500646  0.81492727 0.7154166  0.74825339 0.59998407
  0.56252756 0.42991569 0.33881815 0.24553118 0.1235818 ]
 [0.85438985 0.93159325 0.88282952 0.79529438 0.70436081 0.64057906
  0.54499626 0.42673101 0.37987535 0.3139441  0.1727574 ]
 [0.83104829 0.94457005 0.87370929 0.85868945 0.73388888 0.69967645
  0.56710636 0.51469341 0.41000029 0.31751813 0.22575478]
 [0.86347674 0.98821981 0.91884458 0.85847243 0.78006411 0.68116295
  0.5946057  0.54356182 0.44806115 0.32426551 0.22894314]
 [0.90240376 0.67599345 0.64964416 0.6023226  0.55771358 0.54282475
  0.46749805 0.37454714 0.31571869 0.23532642 0.23897956]
 [0.87246468 0.90635328 0.96760703 0.88544741 0.85047841 0.83859708
  0.69915909 0.66523919 0.52556785 0.42698859 0.25263383]
 [0.96633562 0.94469733 0.92660445 0.95702295 0.89214555 0.74109408
  0.69037926 0.63124916 0.54790015 0.41927796 0.31770347]
 [0.94546213 0.94186291 0.90366763 0.88487975 0.87614865 0.77327822
  0.68519192 0.63519678 0.57628304 0.5501333  0.29104237]
 [0.92976712 0.90358463 0.91187281 0.86009411 0.88783921 0.7931776
  0.73442479 0.67628629 0.59493012 0.51362724 0.41774324]
 [0.90453936 0.82187932 0.83278682 0.7895272  0.74654085 0.78916781
  0.78233842 0.73701319 0.6628594  0.67546019 0.59292521]]