[[0.11413156 0.2277368  0.30351082 0.33526733 0.38530834 0.36801217
  0.45584973 0.52658125 0.62221104 0.62496737 0.75308681]
 [0.08528241 0.1499354  0.18507273 0.2845834  0.25174661 0.40001593
  0.43747244 0.57008431 0.66118185 0.75446882 0.8764182 ]
 [0.14561015 0.06840675 0.11717048 0.20470562 0.29563919 0.35942094
  0.45500374 0.57326899 0.62012465 0.6860559  0.8272426 ]
 [0.16895171 0.05542995 0.12629071 0.14131055 0.26611112 0.30032355
  0.43289364 0.48530659 0.58999971 0.68248187 0.77424522]
 [0.13652326 0.01178019 0.08115542 0.14152757 0.21993589 0.31883705
  0.4053943  0.45643818 0.55193885 0.67573449 0.77105686]
 [0.09759624 0.32400655 0.35035584 0.3976774  0.44228642 0.45717525
  0.53250195 0.62545286 0.68428131 0.76467358 0.76102044]
 [0.12753532 0.09364672 0.03239297 0.11455259 0.14952159 0.16140292
  0.30084091 0.33476081 0.47443215 0.57301141 0.74736617]
 [0.03366438 0.05530267 0.07339555 0.04297705 0.10785445 0.25890592
  0.30962074 0.36875084 0.45209985 0.58072204 0.68229653]
 [0.05453787 0.05813709 0.09633237 0.11512025 0.12385135 0.22672178
  0.31480808 0.36480322 0.42371696 0.4498667  0.70895763]
 [0.07023288 0.09641537 0.08812719 0.13990589 0.11216079 0.2068224
  0.26557521 0.32371371 0.40506988 0.48637276 0.58225676]
 [0.09546064 0.17812068 0.16721318 0.2104728  0.25345915 0.21083219
  0.21766158 0.26298681 0.3371406  0.32453981 0.40707479]]