[[0.88642505 0.7710585  0.78950317 0.73859078 0.71627243 0.70839902
  0.68201702 0.57365344 0.49295472 0.52909865 0.47629615]
 [0.84445822 0.95429618 0.86678376 0.86039835 0.68456268 0.64783079
  0.57781953 0.46872681 0.37860603 0.30469554 0.30597046]
 [0.86535222 0.96566503 0.9116603  0.76524078 0.68814172 0.64586052
  0.59371712 0.42386318 0.3887959  0.27398503 0.16503264]
 [0.80751667 0.98548289 0.94052035 0.79923235 0.72887851 0.66659176
  0.58707524 0.46974925 0.37209732 0.29245741 0.22246195]
 [0.87935465 0.93232437 0.96673853 0.8948036  0.75620297 0.67829381
  0.59595661 0.56048077 0.40868906 0.31462764 0.20382092]
 [0.91416188 0.70289287 0.68929887 0.63664644 0.53704649 0.50594589
  0.46007814 0.35022652 0.33283908 0.29820786 0.23212954]
 [0.92178217 0.87762665 0.95049405 0.89973038 0.83590622 0.78898882
  0.71493311 0.59736868 0.49640327 0.36809543 0.23878823]
 [0.95002622 0.94420507 0.97102085 0.87743921 0.81703734 0.75084829
  0.66047643 0.62625187 0.50235095 0.44145537 0.26909487]
 [0.99764907 0.91311622 0.91316304 0.894995   0.82011319 0.75926442
  0.70639729 0.63396595 0.56922891 0.47090206 0.29929497]
 [0.9540325  0.91755781 0.93444981 0.88103143 0.77032312 0.78421912
  0.74248943 0.65013927 0.57678494 0.52654218 0.37599781]
 [0.90670279 0.86640371 0.87642126 0.85967935 0.81131199 0.79805873
  0.75006138 0.74214054 0.67382322 0.63034511 0.62850585]]