[[0.0893098  0.18438314 0.19479593 0.27283412 0.30481467 0.29400337
  0.31352171 0.36899277 0.36810564 0.39973911 0.32715337]
 [0.15474467 0.06237471 0.1446254  0.18641506 0.21746491 0.30652969
  0.44790362 0.52957943 0.53676525 0.59198398 0.67209996]
 [0.1249995  0.09259066 0.12858477 0.2005937  0.28922034 0.31489337
  0.46576958 0.47895389 0.630237   0.66063963 0.70067087]
 [0.08164826 0.02277782 0.04425818 0.18554188 0.257782   0.34349295
  0.36444996 0.45854436 0.55282815 0.6919588  0.73189574]
 [0.13180681 0.02103929 0.03324018 0.10830339 0.20901945 0.28594611
  0.35014441 0.46681301 0.4925509  0.62789788 0.76299268]
 [0.10800307 0.30410363 0.32008148 0.42451768 0.42646419 0.5154957
  0.53075384 0.63047896 0.67456439 0.75978602 0.75947158]
 [0.07495926 0.02618556 0.05604536 0.09699813 0.19668004 0.20771308
  0.29423775 0.42487701 0.51768998 0.6279912  0.78430006]
 [0.02749642 0.08287614 0.07697374 0.07142806 0.10964881 0.17098355
  0.28332885 0.35315428 0.46267552 0.57363516 0.7238714 ]
 [0.04372573 0.09050021 0.03926952 0.12781701 0.12032708 0.20161902
  0.27192813 0.3324337  0.4091043  0.51492824 0.64251044]
 [0.09713683 0.02659899 0.06002661 0.1272871  0.16224261 0.19303352
  0.26110123 0.32052658 0.38057348 0.45905015 0.55738903]
 [0.06381785 0.12077713 0.14842641 0.17296461 0.185846   0.19423515
  0.23001345 0.25905432 0.28750593 0.29085638 0.31237481]]