[[0.90901478 0.81351548 0.79617454 0.6876662  0.65851323 0.66072837
  0.60323346 0.50662679 0.44441421 0.39495073 0.36217671]
 [0.84512255 0.93697352 0.84657929 0.80259339 0.76369052 0.66601685
  0.49211313 0.41238882 0.3982717  0.31586541 0.16800141]
 [0.87494526 0.90342254 0.86170021 0.78259567 0.69051329 0.65171621
  0.49706814 0.48375051 0.33340997 0.2851315  0.22322566]
 [0.91804427 0.97643566 0.95069177 0.80373283 0.73090647 0.64255438
  0.6148576  0.50807636 0.41551238 0.27639077 0.22431868]
 [0.86816743 0.97720898 0.96316529 0.88621454 0.77987525 0.70978131
  0.63483215 0.51936594 0.49748985 0.36011168 0.22669701]
 [0.89078504 0.69472977 0.67988554 0.57515186 0.57327543 0.48379255
  0.46924594 0.36952049 0.32542822 0.23975468 0.2347278 ]
 [0.92382378 0.97189915 0.93962405 0.89701959 0.8020299  0.79045676
  0.70378645 0.57250465 0.48166495 0.36984882 0.21534652]
 [0.96818313 0.91226494 0.92238166 0.92323015 0.88826608 0.82842898
  0.71660671 0.64673125 0.53416087 0.42245413 0.26425718]
 [0.9544197  0.90200767 0.95814069 0.87118801 0.87723896 0.79809525
  0.72772099 0.667506   0.58440756 0.47325857 0.33119985]
 [0.90042124 0.96353976 0.93418944 0.87270993 0.83749807 0.80551546
  0.73776587 0.66961804 0.61066414 0.51808112 0.38954576]
 [0.92030214 0.87527601 0.84876992 0.82703009 0.80668694 0.79475462
  0.74985785 0.71664254 0.68253232 0.65535713 0.61196572]]