[[0.09098522 0.18648452 0.20382546 0.3123338  0.34148677 0.33927163
  0.39676654 0.49337321 0.55558579 0.60504927 0.63782329]
 [0.15487745 0.06302648 0.15342071 0.19740661 0.23630948 0.33398315
  0.50788687 0.58761118 0.6017283  0.68413459 0.83199859]
 [0.12505474 0.09657746 0.13829979 0.21740433 0.30948671 0.34828379
  0.50293186 0.51624949 0.66659003 0.7148685  0.77677434]
 [0.08195573 0.02356434 0.04930823 0.19626717 0.26909353 0.35744562
  0.3851424  0.49192364 0.58448762 0.72360923 0.77568132]
 [0.13183257 0.02279102 0.03683471 0.11378546 0.22012475 0.29021869
  0.36516785 0.48063406 0.50251015 0.63988832 0.77330299]
 [0.10921496 0.30527023 0.32011446 0.42484814 0.42672457 0.51620745
  0.53075406 0.63047951 0.67457178 0.76024532 0.7652722 ]
 [0.07617622 0.02810085 0.06037595 0.10298041 0.1979701  0.20954324
  0.29621355 0.42749535 0.51833505 0.63015118 0.78465348]
 [0.03181687 0.08773506 0.07761834 0.07676985 0.11173392 0.17157102
  0.28339329 0.35326875 0.46583913 0.57754587 0.73574282]
 [0.0455803  0.09799233 0.04185931 0.12881199 0.12276104 0.20190475
  0.27227901 0.332494   0.41559244 0.52674143 0.66880015]
 [0.09957876 0.03646024 0.06581056 0.12729007 0.16250193 0.19448454
  0.26223413 0.33038196 0.38933586 0.48191888 0.61045424]
 [0.07969786 0.12472399 0.15123008 0.17296991 0.19331306 0.20524538
  0.25014215 0.28335746 0.31746768 0.34464287 0.38803428]]